0 0.475625 0.203750 0.056250 0.067500
2 0.147500 0.103750 0.067500 0.192500
2 0.480625 0.323750 0.081250 0.177500
0 0.111250 0.546250 0.082500 0.082500
2 0.022500 0.875000 0.042500 0.215000
5 0.211875 0.715000 0.103750 0.320000
6 0.212500 0.480000 0.067500 0.125000
5 0.108125 0.742500 0.113750 0.280000
0 0.356250 0.873750 0.045000 0.077500
2 0.336875 0.933750 0.056250 0.092500
0 0.394375 0.777500 0.046250 0.070000
2 0.417500 0.912500 0.067500 0.165000
0 0.478125 0.768750 0.053750 0.102500
2 0.516875 0.883750 0.101250 0.187500
0 0.575625 0.776250 0.053750 0.067500
2 0.591250 0.913750 0.092500 0.172500
7 0.540000 0.588750 0.060000 0.102500
7 0.519375 0.446250 0.051250 0.062500
0 0.599375 0.655000 0.026250 0.060000
0 0.628750 0.653750 0.030000 0.077500
2 0.622500 0.755000 0.052500 0.150000
0 0.664375 0.642500 0.023750 0.040000
0 0.831250 0.565000 0.047500 0.060000
2 0.833125 0.696250 0.056250 0.187500
0 0.983125 0.595000 0.033750 0.065000
5 0.970625 0.708750 0.058750 0.152500
